t0_3h,future_3h,realized_score
0,0,0.000000
0,1,0.003610
0,2,0.013193
0,3,0.027371
0,4,0.045191
0,5,0.065962
0,6,0.089158
0,7,0.114373
0,8,0.141278
0,9,0.169609
0,10,0.199145
0,11,0.229700
0,12,0.261120
0,13,0.293268
0,14,0.326029
0,15,0.359302
0,16,0.392999
0,17,0.427042
0,19,0.495900
0,21,0.565413
0,22,0.600297
0,24,0.670125
0,26,0.739817
0,28,0.809158
0,31,0.912135
0,33,0.979897
0,36,1.079942
0,39,1.177832
0,42,1.273372
0,45,1.366424
0,49,1.486476
0,53,1.601840
0,57,1.712489
0,62,1.844229
0,67,1.968826
0,73,2.109255
0,78,2.219046
0,85,2.362348
0,92,2.494336
0,99,2.500000
0,107,2.500000
0,116,2.500000
0,125,2.500000
0,135,2.500000
0,146,2.500000
0,157,2.500000
0,170,2.500000
0,184,2.500000
0,199,2.500000
0,214,2.500000
0,232,2.500000
0,250,2.500000
0,270,2.500000
0,292,2.500000
0,315,2.500000
0,340,2.500000
0,368,2.500000
0,397,2.500000
0,429,2.500000
0,463,2.500000
0,500,2.500000
0,540,2.500000
0,583,2.500000
0,630,2.500000
0,680,2.500000
0,735,2.500000
0,793,2.500000
0,857,2.500000
0,925,2.500000
0,999,2.500000
0,1079,2.500000
0,1165,2.500000
0,1258,2.500000
0,1358,2.500000
0,1467,2.500000
0,1584,2.500000
0,1710,2.500000
0,1847,2.500000
0,1994,2.500000
0,2153,2.500000
0,2325,2.500000
0,2511,2.500000
0,2711,2.500000
0,2928,2.500000
0,3161,2.500000
0,3414,2.500000
0,3686,2.500000
0,3980,2.500000
0,4298,2.500000
0,4641,2.500000
0,5011,2.500000
0,5411,2.500000
0,5842,2.500000
0,6309,2.500000
0,6812,2.500000
0,7355,2.500000
0,7942,2.500000
0,8576,2.500000
0,9260,2.500000
0,9999,2.500000
1,0,-0.003610
1,1,0.000000
1,2,0.008977
1,3,0.022118
1,4,0.038585
1,5,0.057764
1,6,0.079187
1,7,0.102486
1,8,0.127367
1,9,0.153589
1,10,0.180950
1,11,0.209282
1,12,0.238439
1,13,0.268299
1,14,0.298754
1,15,0.329709
1,16,0.361083
1,17,0.392804
1,19,0.457033
1,21,0.521963
1,22,0.554578
1,24,0.619925
1,26,0.685222
1,28,0.750262
1,31,0.846978
1,33,0.910700
1,36,1.004889
1,39,1.097174
1,42,1.187356
1,45,1.275298
1,49,1.388911
1,53,1.498249
1,57,1.603267
1,62,1.728495
1,67,1.847129
1,73,1.981070
1,78,2.085968
1,85,2.223130
1,92,2.349722
1,99,2.466570
1,107,2.500000
1,116,2.500000
1,125,2.500000
1,135,2.500000
1,146,2.500000
1,157,2.500000
1,170,2.500000
1,184,2.500000
1,199,2.500000
1,214,2.500000
1,232,2.500000
1,250,2.500000
1,270,2.500000
1,292,2.500000
1,315,2.500000
1,340,2.500000
1,368,2.500000
1,397,2.500000
1,429,2.500000
1,463,2.500000
1,500,2.500000
1,540,2.500000
1,583,2.500000
1,630,2.500000
1,680,2.500000
1,735,2.500000
1,793,2.500000
1,857,2.500000
1,925,2.500000
1,999,2.500000
1,1079,2.500000
1,1165,2.500000
1,1258,2.500000
1,1358,2.500000
1,1467,2.500000
1,1584,2.500000
1,1710,2.500000
1,1847,2.500000
1,1994,2.500000
1,2153,2.500000
1,2325,2.500000
1,2511,2.500000
1,2711,2.500000
1,2928,2.500000
1,3161,2.500000
1,3414,2.500000
1,3686,2.500000
1,3980,2.500000
1,4298,2.500000
1,4641,2.500000
1,5011,2.500000
1,5411,2.500000
1,5842,2.500000
1,6309,2.500000
1,6812,2.500000
1,7355,2.500000
1,7942,2.500000
1,8576,2.500000
1,9260,2.500000
1,9999,2.500000
2,0,-0.013193
2,1,-0.008977
2,2,0.000000
2,3,0.012707
2,4,0.028419
2,5,0.046597
2,6,0.066829
2,7,0.088789
2,8,0.112213
2,9,0.136884
2,10,0.162619
2,11,0.189267
2,12,0.216694
2,13,0.244787
2,14,0.273448
2,15,0.302590
2,16,0.332137
2,17,0.362021
2,19,0.422568
2,21,0.483825
2,22,0.514614
2,24,0.576343
2,26,0.638074
2,28,0.699612
2,31,0.791209
2,33,0.851615
2,36,0.940986
2,39,1.028643
2,42,1.114392
2,45,1.198094
2,49,1.306352
2,53,1.410666
2,57,1.510980
2,62,1.630757
2,67,1.744388
2,73,1.872877
2,78,1.973654
2,85,2.105638
2,92,2.227672
2,99,2.340513
2,107,2.459171
2,116,2.500000
2,125,2.500000
2,135,2.500000
2,146,2.500000
2,157,2.500000
2,170,2.500000
2,184,2.500000
2,199,2.500000
2,214,2.500000
2,232,2.500000
2,250,2.500000
2,270,2.500000
2,292,2.500000
2,315,2.500000
2,340,2.500000
2,368,2.500000
2,397,2.500000
2,429,2.500000
2,463,2.500000
2,500,2.500000
2,540,2.500000
2,583,2.500000
2,630,2.500000
2,680,2.500000
2,735,2.500000
2,793,2.500000
2,857,2.500000
2,925,2.500000
2,999,2.500000
2,1079,2.500000
2,1165,2.500000
2,1258,2.500000
2,1358,2.500000
2,1467,2.500000
2,1584,2.500000
2,1710,2.500000
2,1847,2.500000
2,1994,2.500000
2,2153,2.500000
2,2325,2.500000
2,2511,2.500000
2,2711,2.500000
2,2928,2.500000
2,3161,2.500000
2,3414,2.500000
2,3686,2.500000
2,3980,2.500000
2,4298,2.500000
2,4641,2.500000
2,5011,2.500000
2,5411,2.500000
2,5842,2.500000
2,6309,2.500000
2,6812,2.500000
2,7355,2.500000
2,7942,2.500000
2,8576,2.500000
2,9260,2.500000
2,9999,2.500000
3,0,-0.027371
3,1,-0.022118
3,2,-0.012707
3,3,0.000000
3,4,0.015387
3,5,0.032993
3,6,0.052459
3,7,0.073498
3,8,0.095879
3,9,0.119406
3,10,0.143919
3,11,0.169278
3,12,0.195364
3,13,0.222074
3,14,0.249318
3,15,0.277016
3,16,0.305099
3,17,0.333505
3,19,0.391066
3,21,0.449323
3,22,0.478614
3,24,0.537359
3,26,0.596138
3,28,0.654763
3,31,0.742086
3,33,0.799714
3,36,0.885035
3,39,0.968790
3,42,1.050791
3,45,1.130899
3,49,1.234606
3,53,1.334641
3,57,1.430940
3,62,1.546053
3,67,1.655396
3,73,1.779202
3,78,1.876435
3,85,2.003956
3,92,2.122055
3,99,2.231432
3,107,2.346641
3,116,2.464949
3,125,2.500000
3,135,2.500000
3,146,2.500000
3,157,2.500000
3,170,2.500000
3,184,2.500000
3,199,2.500000
3,214,2.500000
3,232,2.500000
3,250,2.500000
3,270,2.500000
3,292,2.500000
3,315,2.500000
3,340,2.500000
3,368,2.500000
3,397,2.500000
3,429,2.500000
3,463,2.500000
3,500,2.500000
3,540,2.500000
3,583,2.500000
3,630,2.500000
3,680,2.500000
3,735,2.500000
3,793,2.500000
3,857,2.500000
3,925,2.500000
3,999,2.500000
3,1079,2.500000
3,1165,2.500000
3,1258,2.500000
3,1358,2.500000
3,1467,2.500000
3,1584,2.500000
3,1710,2.500000
3,1847,2.500000
3,1994,2.500000
3,2153,2.500000
3,2325,2.500000
3,2511,2.500000
3,2711,2.500000
3,2928,2.500000
3,3161,2.500000
3,3414,2.500000
3,3686,2.500000
3,3980,2.500000
3,4298,2.500000
3,4641,2.500000
3,5011,2.500000
3,5411,2.500000
3,5842,2.500000
3,6309,2.500000
3,6812,2.500000
3,7355,2.500000
3,7942,2.500000
3,8576,2.500000
3,9260,2.500000
3,9999,2.500000
4,0,-0.045191
4,1,-0.038585
4,2,-0.028419
4,3,-0.015387
4,4,0.000000
4,5,0.017356
4,6,0.036375
4,7,0.056812
4,8,0.078462
4,9,0.101157
4,10,0.124752
4,11,0.149124
4,12,0.174166
4,13,0.199786
4,14,0.225901
4,15,0.252439
4,16,0.279337
4,17,0.306538
4,19,0.361648
4,21,0.417421
4,22,0.445465
4,24,0.501716
4,26,0.558013
4,28,0.614181
4,31,0.697881
4,33,0.753145
4,36,0.835009
4,39,0.915422
4,42,0.994202
4,45,1.071216
4,49,1.170994
4,53,1.267326
4,57,1.360142
4,62,1.471202
4,67,1.576811
4,73,1.696532
4,78,1.790667
4,85,1.914281
4,92,2.028930
4,99,2.135265
4,107,2.247441
4,116,2.362829
4,125,2.467970
4,135,2.500000
4,146,2.500000
4,157,2.500000
4,170,2.500000
4,184,2.500000
4,199,2.500000
4,214,2.500000
4,232,2.500000
4,250,2.500000
4,270,2.500000
4,292,2.500000
4,315,2.500000
4,340,2.500000
4,368,2.500000
4,397,2.500000
4,429,2.500000
4,463,2.500000
4,500,2.500000
4,540,2.500000
4,583,2.500000
4,630,2.500000
4,680,2.500000
4,735,2.500000
4,793,2.500000
4,857,2.500000
4,925,2.500000
4,999,2.500000
4,1079,2.500000
4,1165,2.500000
4,1258,2.500000
4,1358,2.500000
4,1467,2.500000
4,1584,2.500000
4,1710,2.500000
4,1847,2.500000
4,1994,2.500000
4,2153,2.500000
4,2325,2.500000
4,2511,2.500000
4,2711,2.500000
4,2928,2.500000
4,3161,2.500000
4,3414,2.500000
4,3686,2.500000
4,3980,2.500000
4,4298,2.500000
4,4641,2.500000
4,5011,2.500000
4,5411,2.500000
4,5842,2.500000
4,6309,2.500000
4,6812,2.500000
4,7355,2.500000
4,7942,2.500000
4,8576,2.500000
4,9260,2.500000
4,9999,2.500000
5,0,-0.065962
5,1,-0.057764
5,2,-0.046597
5,3,-0.032993
5,4,-0.017356
5,5,0.000000
5,6,0.018822
5,7,0.038902
5,8,0.060068
5,9,0.082172
5,10,0.105089
5,11,0.128711
5,12,0.152943
5,13,0.177702
5,14,0.202915
5,15,0.228517
5,16,0.254450
5,17,0.280662
5,19,0.333743
5,21,0.387440
5,22,0.414436
5,24,0.468581
5,26,0.522771
5,28,0.576842
5,31,0.657436
5,33,0.710666
5,36,0.789544
5,39,0.867060
5,42,0.943042
5,45,1.017359
5,49,1.113705
5,53,1.206794
5,57,1.296554
5,62,1.404049
5,67,1.506366
5,73,1.622478
5,78,1.713873
5,85,1.834026
5,92,1.945612
5,99,2.049244
5,107,2.158719
5,116,2.271506
5,125,2.374441
5,135,2.478576
5,146,2.500000
5,157,2.500000
5,170,2.500000
5,184,2.500000
5,199,2.500000
5,214,2.500000
5,232,2.500000
5,250,2.500000
5,270,2.500000
5,292,2.500000
5,315,2.500000
5,340,2.500000
5,368,2.500000
5,397,2.500000
5,429,2.500000
5,463,2.500000
5,500,2.500000
5,540,2.500000
5,583,2.500000
5,630,2.500000
5,680,2.500000
5,735,2.500000
5,793,2.500000
5,857,2.500000
5,925,2.500000
5,999,2.500000
5,1079,2.500000
5,1165,2.500000
5,1258,2.500000
5,1358,2.500000
5,1467,2.500000
5,1584,2.500000
5,1710,2.500000
5,1847,2.500000
5,1994,2.500000
5,2153,2.500000
5,2325,2.500000
5,2511,2.500000
5,2711,2.500000
5,2928,2.500000
5,3161,2.500000
5,3414,2.500000
5,3686,2.500000
5,3980,2.500000
5,4298,2.500000
5,4641,2.500000
5,5011,2.500000
5,5411,2.500000
5,5842,2.500000
5,6309,2.500000
5,6812,2.500000
5,7355,2.500000
5,7942,2.500000
5,8576,2.500000
5,9260,2.500000
5,9999,2.500000
6,0,-0.089158
6,1,-0.079187
6,2,-0.066829
6,3,-0.052459
6,4,-0.036375
6,5,-0.018822
6,6,0.000000
6,7,0.019921
6,8,0.040797
6,9,0.062505
6,10,0.084936
6,11,0.107998
6,12,0.131607
6,13,0.155691
6,14,0.180185
6,15,0.205030
6,16,0.230176
6,17,0.255575
6,19,0.306968
6,21,0.358920
6,22,0.385029
6,24,0.437382
6,26,0.489769
6,28,0.542037
6,31,0.619946
6,33,0.671409
6,36,0.747685
6,39,0.822669
6,42,0.896195
6,45,0.968141
6,49,1.061461
6,53,1.151682
6,57,1.238733
6,62,1.343063
6,67,1.442452
6,73,1.555347
6,78,1.644294
6,85,1.761350
6,92,1.870193
6,99,1.971398
6,107,2.078447
6,116,2.188893
6,125,2.289842
6,135,2.392125
6,146,2.494087
6,157,2.500000
6,170,2.500000
6,184,2.500000
6,199,2.500000
6,214,2.500000
6,232,2.500000
6,250,2.500000
6,270,2.500000
6,292,2.500000
6,315,2.500000
6,340,2.500000
6,368,2.500000
6,397,2.500000
6,429,2.500000
6,463,2.500000
6,500,2.500000
6,540,2.500000
6,583,2.500000
6,630,2.500000
6,680,2.500000
6,735,2.500000
6,793,2.500000
6,857,2.500000
6,925,2.500000
6,999,2.500000
6,1079,2.500000
6,1165,2.500000
6,1258,2.500000
6,1358,2.500000
6,1467,2.500000
6,1584,2.500000
6,1710,2.500000
6,1847,2.500000
6,1994,2.500000
6,2153,2.500000
6,2325,2.500000
6,2511,2.500000
6,2711,2.500000
6,2928,2.500000
6,3161,2.500000
6,3414,2.500000
6,3686,2.500000
6,3980,2.500000
6,4298,2.500000
6,4641,2.500000
6,5011,2.500000
6,5411,2.500000
6,5842,2.500000
6,6309,2.500000
6,6812,2.500000
6,7355,2.500000
6,7942,2.500000
6,8576,2.500000
6,9260,2.500000
6,9999,2.500000
7,0,-0.114373
7,1,-0.102486
7,2,-0.088789
7,3,-0.073498
7,4,-0.056812
7,5,-0.038902
7,6,-0.019921
7,7,0.000000
7,8,0.020746
7,9,0.042214
7,10,0.064317
7,11,0.086973
7,12,0.110113
7,13,0.133674
7,14,0.157598
7,15,0.181835
7,16,0.206339
7,17,0.231069
7,19,0.281057
7,21,0.331537
7,22,0.356892
7,24,0.407713
7,26,0.458547
7,28,0.509255
7,31,0.584828
7,33,0.634747
7,36,0.708741
7,39,0.781494
7,42,0.852851
7,45,0.922695
7,49,1.013327
7,53,1.100994
7,57,1.185627
7,62,1.287125
7,67,1.383887
7,73,1.493892
7,78,1.580636
7,85,1.694901
7,92,1.801267
7,99,1.900278
7,107,2.005131
7,116,2.113454
7,125,2.212600
7,135,2.313199
7,146,2.413636
7,157,2.500000
7,170,2.500000
7,184,2.500000
7,199,2.500000
7,214,2.500000
7,232,2.500000
7,250,2.500000
7,270,2.500000
7,292,2.500000
7,315,2.500000
7,340,2.500000
7,368,2.500000
7,397,2.500000
7,429,2.500000
7,463,2.500000
7,500,2.500000
7,540,2.500000
7,583,2.500000
7,630,2.500000
7,680,2.500000
7,735,2.500000
7,793,2.500000
7,857,2.500000
7,925,2.500000
7,999,2.500000
7,1079,2.500000
7,1165,2.500000
7,1258,2.500000
7,1358,2.500000
7,1467,2.500000
7,1584,2.500000
7,1710,2.500000
7,1847,2.500000
7,1994,2.500000
7,2153,2.500000
7,2325,2.500000
7,2511,2.500000
7,2711,2.500000
7,2928,2.500000
7,3161,2.500000
7,3414,2.500000
7,3686,2.500000
7,3980,2.500000
7,4298,2.500000
7,4641,2.500000
7,5011,2.500000
7,5411,2.500000
7,5842,2.500000
7,6309,2.500000
7,6812,2.500000
7,7355,2.500000
7,7942,2.500000
7,8576,2.500000
7,9260,2.500000
7,9999,2.500000
8,0,-0.141278
8,1,-0.127367
8,2,-0.112213
8,3,-0.095879
8,4,-0.078462
8,5,-0.060068
8,6,-0.040797
8,7,-0.020746
8,8,0.000000
8,9,0.021360
8,10,0.043263
8,11,0.065643
8,12,0.088441
8,13,0.111605
8,14,0.135084
8,15,0.158837
8,16,0.182821
8,17,0.207002
8,19,0.255819
8,21,0.305055
8,22,0.329768
8,24,0.379275
8,26,0.428769
8,28,0.478120
8,31,0.551651
8,33,0.600214
8,36,0.672194
8,39,0.742971
8,42,0.812400
8,45,0.880372
8,49,0.968601
8,53,1.053979
8,57,1.136440
8,62,1.235388
8,67,1.329781
8,73,1.437173
8,78,1.521922
8,85,1.633656
8,92,1.737770
8,99,1.834785
8,107,1.937637
8,116,2.044023
8,125,2.141523
8,135,2.240583
8,146,2.339623
8,157,2.429604
8,170,2.500000
8,184,2.500000
8,199,2.500000
8,214,2.500000
8,232,2.500000
8,250,2.500000
8,270,2.500000
8,292,2.500000
8,315,2.500000
8,340,2.500000
8,368,2.500000
8,397,2.500000
8,429,2.500000
8,463,2.500000
8,500,2.500000
8,540,2.500000
8,583,2.500000
8,630,2.500000
8,680,2.500000
8,735,2.500000
8,793,2.500000
8,857,2.500000
8,925,2.500000
8,999,2.500000
8,1079,2.500000
8,1165,2.500000
8,1258,2.500000
8,1358,2.500000
8,1467,2.500000
8,1584,2.500000
8,1710,2.500000
8,1847,2.500000
8,1994,2.500000
8,2153,2.500000
8,2325,2.500000
8,2511,2.500000
8,2711,2.500000
8,2928,2.500000
8,3161,2.500000
8,3414,2.500000
8,3686,2.500000
8,3980,2.500000
8,4298,2.500000
8,4641,2.500000
8,5011,2.500000
8,5411,2.500000
8,5842,2.500000
8,6309,2.500000
8,6812,2.500000
8,7355,2.500000
8,7942,2.500000
8,8576,2.500000
8,9260,2.500000
8,9999,2.500000
9,0,-0.169609
9,1,-0.153589
9,2,-0.136884
9,3,-0.119406
9,4,-0.101157
9,5,-0.082172
9,6,-0.062505
9,7,-0.042214
9,8,-0.021360
9,9,0.000000
9,10,0.021811
9,11,0.044023
9,12,0.066586
9,13,0.089459
9,14,0.112599
9,15,0.135970
9,16,0.159538
9,17,0.183271
9,19,0.231117
9,21,0.279303
9,22,0.303469
9,24,0.351847
9,26,0.400179
9,28,0.448349
9,31,0.520088
9,33,0.567453
9,36,0.637650
9,39,0.706669
9,42,0.774377
9,45,0.840672
9,49,0.926743
9,53,1.010059
9,57,1.090559
9,62,1.187199
9,67,1.279444
9,73,1.384461
9,78,1.467395
9,85,1.576820
9,92,1.678879
9,99,1.774068
9,107,1.875087
9,116,1.979698
9,125,2.075686
9,135,2.173330
9,146,2.271085
9,157,2.360017
9,170,2.455322
9,184,2.500000
9,199,2.500000
9,214,2.500000
9,232,2.500000
9,250,2.500000
9,270,2.500000
9,292,2.500000
9,315,2.500000
9,340,2.500000
9,368,2.500000
9,397,2.500000
9,429,2.500000
9,463,2.500000
9,500,2.500000
9,540,2.500000
9,583,2.500000
9,630,2.500000
9,680,2.500000
9,735,2.500000
9,793,2.500000
9,857,2.500000
9,925,2.500000
9,999,2.500000
9,1079,2.500000
9,1165,2.500000
9,1258,2.500000
9,1358,2.500000
9,1467,2.500000
9,1584,2.500000
9,1710,2.500000
9,1847,2.500000
9,1994,2.500000
9,2153,2.500000
9,2325,2.500000
9,2511,2.500000
9,2711,2.500000
9,2928,2.500000
9,3161,2.500000
9,3414,2.500000
9,3686,2.500000
9,3980,2.500000
9,4298,2.500000
9,4641,2.500000
9,5011,2.500000
9,5411,2.500000
9,5842,2.500000
9,6309,2.500000
9,6812,2.500000
9,7355,2.500000
9,7942,2.500000
9,8576,2.500000
9,9260,2.500000
9,9999,2.500000
10,0,-0.199145
10,1,-0.180950
10,2,-0.162619
10,3,-0.143919
10,4,-0.124752
10,5,-0.105089
10,6,-0.084936
10,7,-0.064317
10,8,-0.043263
10,9,-0.021811
10,10,0.000000
10,11,0.022134
10,12,0.044554
10,13,0.067225
10,14,0.090115
10,15,0.113194
10,16,0.136433
10,17,0.159804
10,19,0.206849
10,21,0.254152
10,22,0.277851
10,24,0.325261
10,26,0.372586
10,28,0.419722
10,31,0.489885
10,33,0.536192
10,36,0.604802
10,39,0.672252
10,42,0.738418
10,45,0.803205
10,49,0.887330
10,53,0.968781
10,57,1.047503
10,62,1.142046
10,67,1.232334
10,73,1.335184
10,78,1.416458
10,85,1.523768
10,92,1.623941
10,99,1.717454
10,107,1.816787
10,116,1.919762
10,125,2.014355
10,135,2.110693
10,146,2.207261
10,157,2.295222
10,170,2.389609
10,184,2.481374
10,199,2.500000
10,214,2.500000
10,232,2.500000
10,250,2.500000
10,270,2.500000
10,292,2.500000
10,315,2.500000
10,340,2.500000
10,368,2.500000
10,397,2.500000
10,429,2.500000
10,463,2.500000
10,500,2.500000
10,540,2.500000
10,583,2.500000
10,630,2.500000
10,680,2.500000
10,735,2.500000
10,793,2.500000
10,857,2.500000
10,925,2.500000
10,999,2.500000
10,1079,2.500000
10,1165,2.500000
10,1258,2.500000
10,1358,2.500000
10,1467,2.500000
10,1584,2.500000
10,1710,2.500000
10,1847,2.500000
10,1994,2.500000
10,2153,2.500000
10,2325,2.500000
10,2511,2.500000
10,2711,2.500000
10,2928,2.500000
10,3161,2.500000
10,3414,2.500000
10,3686,2.500000
10,3980,2.500000
10,4298,2.500000
10,4641,2.500000
10,5011,2.500000
10,5411,2.500000
10,5842,2.500000
10,6309,2.500000
10,6812,2.500000
10,7355,2.500000
10,7942,2.500000
10,8576,2.500000
10,9260,2.500000
10,9999,2.500000
11,0,-0.229700
11,1,-0.209282
11,2,-0.189267
11,3,-0.169278
11,4,-0.149124
11,5,-0.128711
11,6,-0.107998
11,7,-0.086973
11,8,-0.065643
11,9,-0.044023
11,10,-0.022134
11,11,0.000000
11,12,0.022353
11,13,0.044901
11,14,0.067618
11,15,0.090480
11,16,0.113465
11,17,0.136550
11,19,0.182941
11,21,0.229503
11,22,0.252807
11,24,0.299384
11,26,0.345836
11,28,0.392070
11,31,0.460843
11,33,0.506211
11,36,0.573409
11,39,0.639454
11,42,0.704232
11,45,0.767660
11,49,0.850024
11,53,0.929783
11,57,1.006887
11,62,1.099517
11,67,1.188016
11,73,1.288881
11,78,1.368631
11,85,1.473998
11,92,1.572435
11,99,1.664401
11,107,1.762177
11,116,1.863639
11,125,1.956942
11,135,2.052069
11,146,2.147535
11,157,2.234595
11,170,2.328128
11,184,2.419178
11,199,2.500000
11,214,2.500000
11,232,2.500000
11,250,2.500000
11,270,2.500000
11,292,2.500000
11,315,2.500000
11,340,2.500000
11,368,2.500000
11,397,2.500000
11,429,2.500000
11,463,2.500000
11,500,2.500000
11,540,2.500000
11,583,2.500000
11,630,2.500000
11,680,2.500000
11,735,2.500000
11,793,2.500000
11,857,2.500000
11,925,2.500000
11,999,2.500000
11,1079,2.500000
11,1165,2.500000
11,1258,2.500000
11,1358,2.500000
11,1467,2.500000
11,1584,2.500000
11,1710,2.500000
11,1847,2.500000
11,1994,2.500000
11,2153,2.500000
11,2325,2.500000
11,2511,2.500000
11,2711,2.500000
11,2928,2.500000
11,3161,2.500000
11,3414,2.500000
11,3686,2.500000
11,3980,2.500000
11,4298,2.500000
11,4641,2.500000
11,5011,2.500000
11,5411,2.500000
11,5842,2.500000
11,6309,2.500000
11,6812,2.500000
11,7355,2.500000
11,7942,2.500000
11,8576,2.500000
11,9260,2.500000
11,9999,2.500000
12,0,-0.261120
12,1,-0.238439
12,2,-0.216694
12,3,-0.195364
12,4,-0.174166
12,5,-0.152943
12,6,-0.131607
12,7,-0.110113
12,8,-0.088441
12,9,-0.066586
12,10,-0.044554
12,11,-0.022353
12,12,0.000000
12,13,0.022490
12,14,0.045100
12,15,0.067811
12,16,0.090607
12,17,0.113471
12,19,0.159335
12,21,0.205282
12,22,0.228251
12,24,0.274117
12,26,0.319812
12,28,0.365257
12,31,0.432805
12,33,0.477339
12,36,0.543276
12,39,0.608059
12,42,0.671588
12,45,0.733786
12,49,0.814552
12,53,0.892771
12,57,0.968398
12,62,1.059279
12,67,1.146137
12,73,1.245178
12,78,1.323525
12,85,1.427100
12,92,1.523932
12,99,1.614467
12,107,1.710801
12,116,1.810861
12,125,1.902964
12,135,1.996965
12,146,2.091406
12,157,2.177627
12,170,2.270363
12,184,2.360746
12,199,2.448382
12,214,2.500000
12,232,2.500000
12,250,2.500000
12,270,2.500000
12,292,2.500000
12,315,2.500000
12,340,2.500000
12,368,2.500000
12,397,2.500000
12,429,2.500000
12,463,2.500000
12,500,2.500000
12,540,2.500000
12,583,2.500000
12,630,2.500000
12,680,2.500000
12,735,2.500000
12,793,2.500000
12,857,2.500000
12,925,2.500000
12,999,2.500000
12,1079,2.500000
12,1165,2.500000
12,1258,2.500000
12,1358,2.500000
12,1467,2.500000
12,1584,2.500000
12,1710,2.500000
12,1847,2.500000
12,1994,2.500000
12,2153,2.500000
12,2325,2.500000
12,2511,2.500000
12,2711,2.500000
12,2928,2.500000
12,3161,2.500000
12,3414,2.500000
12,3686,2.500000
12,3980,2.500000
12,4298,2.500000
12,4641,2.500000
12,5011,2.500000
12,5411,2.500000
12,5842,2.500000
12,6309,2.500000
12,6812,2.500000
12,7355,2.500000
12,7942,2.500000
12,8576,2.500000
12,9260,2.500000
12,9999,2.500000
13,0,-0.293268
13,1,-0.268299
13,2,-0.244787
13,3,-0.222074
13,4,-0.199786
13,5,-0.177702
13,6,-0.155691
13,7,-0.133674
13,8,-0.111605
13,9,-0.089459
13,10,-0.067225
13,11,-0.044901
13,12,-0.022490
13,13,0.000000
13,14,0.022560
13,15,0.045178
13,16,0.067842
13,17,0.090540
13,19,0.135989
13,21,0.181429
13,22,0.204117
13,24,0.249377
13,26,0.294419
13,28,0.339174
13,31,0.405642
13,33,0.449435
13,36,0.514244
13,39,0.577894
13,42,0.640294
13,45,0.701378
13,49,0.780691
13,53,0.857504
13,57,0.931781
13,62,1.021056
13,67,1.106406
13,73,1.203766
13,78,1.280818
13,85,1.382735
13,92,1.478081
13,99,1.567289
13,107,1.662283
13,116,1.761038
13,125,1.852025
13,135,1.944976
13,146,2.038459
13,157,2.123896
13,170,2.215888
13,184,2.305645
13,199,2.392770
13,214,2.472030
13,232,2.500000
13,250,2.500000
13,270,2.500000
13,292,2.500000
13,315,2.500000
13,340,2.500000
13,368,2.500000
13,397,2.500000
13,429,2.500000
13,463,2.500000
13,500,2.500000
13,540,2.500000
13,583,2.500000
13,630,2.500000
13,680,2.500000
13,735,2.500000
13,793,2.500000
13,857,2.500000
13,925,2.500000
13,999,2.500000
13,1079,2.500000
13,1165,2.500000
13,1258,2.500000
13,1358,2.500000
13,1467,2.500000
13,1584,2.500000
13,1710,2.500000
13,1847,2.500000
13,1994,2.500000
13,2153,2.500000
13,2325,2.500000
13,2511,2.500000
13,2711,2.500000
13,2928,2.500000
13,3161,2.500000
13,3414,2.500000
13,3686,2.500000
13,3980,2.500000
13,4298,2.500000
13,4641,2.500000
13,5011,2.500000
13,5411,2.500000
13,5842,2.500000
13,6309,2.500000
13,6812,2.500000
13,7355,2.500000
13,7942,2.500000
13,8576,2.500000
13,9260,2.500000
13,9999,2.500000
14,0,-0.326029
14,1,-0.298754
14,2,-0.273448
14,3,-0.249318
14,4,-0.225901
14,5,-0.202915
14,6,-0.180185
14,7,-0.157598
14,8,-0.135084
14,9,-0.112599
14,10,-0.090115
14,11,-0.067618
14,12,-0.045100
14,13,-0.022560
14,14,0.000000
14,15,0.022574
14,16,0.045156
14,17,0.067739
14,19,0.112871
14,21,0.157900
14,22,0.180354
14,24,0.225101
14,26,0.269580
14,28,0.313735
14,31,0.379249
14,33,0.422385
14,36,0.486185
14,39,0.548814
14,42,0.610194
14,45,0.670266
14,49,0.748256
14,53,0.823783
14,57,0.896821
14,62,0.984621
14,67,1.068581
14,73,1.164388
14,78,1.240241
14,85,1.340622
14,92,1.434588
14,99,1.522561
14,107,1.616308
14,116,1.713845
14,125,1.803789
14,135,1.895760
14,146,1.988347
14,157,2.073049
14,170,2.164343
14,184,2.253514
14,199,2.340159
14,214,2.419057
14,232,2.500000
14,250,2.500000
14,270,2.500000
14,292,2.500000
14,315,2.500000
14,340,2.500000
14,368,2.500000
14,397,2.500000
14,429,2.500000
14,463,2.500000
14,500,2.500000
14,540,2.500000
14,583,2.500000
14,630,2.500000
14,680,2.500000
14,735,2.500000
14,793,2.500000
14,857,2.500000
14,925,2.500000
14,999,2.500000
14,1079,2.500000
14,1165,2.500000
14,1258,2.500000
14,1358,2.500000
14,1467,2.500000
14,1584,2.500000
14,1710,2.500000
14,1847,2.500000
14,1994,2.500000
14,2153,2.500000
14,2325,2.500000
14,2511,2.500000
14,2711,2.500000
14,2928,2.500000
14,3161,2.500000
14,3414,2.500000
14,3686,2.500000
14,3980,2.500000
14,4298,2.500000
14,4641,2.500000
14,5011,2.500000
14,5411,2.500000
14,5842,2.500000
14,6309,2.500000
14,6812,2.500000
14,7355,2.500000
14,7942,2.500000
14,8576,2.500000
14,9260,2.500000
14,9999,2.500000
15,0,-0.359302
15,1,-0.329709
15,2,-0.302590
15,3,-0.277016
15,4,-0.252439
15,5,-0.228517
15,6,-0.205030
15,7,-0.181835
15,8,-0.158837
15,9,-0.135970
15,10,-0.113194
15,11,-0.090480
15,12,-0.067811
15,13,-0.045178
15,14,-0.022574
15,15,0.000000
15,16,0.022544
15,17,0.045054
15,19,0.089954
15,21,0.134658
15,22,0.156921
15,24,0.201237
15,26,0.245234
15,28,0.288866
15,31,0.353542
15,33,0.396093
15,36,0.458990
15,39,0.520701
15,42,0.581157
15,45,0.640309
15,49,0.717091
15,53,0.791441
15,57,0.863342
15,62,0.949782
15,67,1.032458
15,73,1.126828
15,78,1.201569
15,85,1.300523
15,92,1.393204
15,99,1.480027
15,107,1.572609
15,116,1.669009
15,125,1.757978
15,135,1.849029
15,146,1.940777
15,157,2.024789
15,170,2.115427
15,184,2.204047
15,199,2.290240
15,214,2.368796
15,232,2.454639
15,250,2.500000
15,270,2.500000
15,292,2.500000
15,315,2.500000
15,340,2.500000
15,368,2.500000
15,397,2.500000
15,429,2.500000
15,463,2.500000
15,500,2.500000
15,540,2.500000
15,583,2.500000
15,630,2.500000
15,680,2.500000
15,735,2.500000
15,793,2.500000
15,857,2.500000
15,925,2.500000
15,999,2.500000
15,1079,2.500000
15,1165,2.500000
15,1258,2.500000
15,1358,2.500000
15,1467,2.500000
15,1584,2.500000
15,1710,2.500000
15,1847,2.500000
15,1994,2.500000
15,2153,2.500000
15,2325,2.500000
15,2511,2.500000
15,2711,2.500000
15,2928,2.500000
15,3161,2.500000
15,3414,2.500000
15,3686,2.500000
15,3980,2.500000
15,4298,2.500000
15,4641,2.500000
15,5011,2.500000
15,5411,2.500000
15,5842,2.500000
15,6309,2.500000
15,6812,2.500000
15,7355,2.500000
15,7942,2.500000
15,8576,2.500000
15,9260,2.500000
15,9999,2.500000
16,0,-0.392999
16,1,-0.361083
16,2,-0.332137
16,3,-0.305099
16,4,-0.279337
16,5,-0.254450
16,6,-0.230176
16,7,-0.206339
16,8,-0.182821
16,9,-0.159538
16,10,-0.136433
16,11,-0.113465
16,12,-0.090607
16,13,-0.067842
16,14,-0.045156
16,15,-0.022544
16,16,0.000000
16,17,0.022476
16,19,0.067222
16,21,0.111675
16,22,0.133783
16,24,0.177742
16,26,0.221329
16,28,0.264509
16,31,0.328449
16,33,0.370480
16,36,0.432571
16,39,0.493453
16,42,0.553073
16,45,0.611388
16,49,0.687066
16,53,0.760337
16,57,0.831190
16,62,0.916377
16,67,0.997865
16,73,1.090902
16,78,1.164611
16,85,1.262235
16,92,1.353719
16,99,1.439467
16,107,1.530960
16,116,1.626295
16,125,1.714350
16,135,1.804538
16,146,1.895497
16,157,1.978861
16,170,2.068881
16,184,2.156981
16,199,2.242748
16,214,2.320982
16,232,2.406542
16,250,2.484525
16,270,2.500000
16,292,2.500000
16,315,2.500000
16,340,2.500000
16,368,2.500000
16,397,2.500000
16,429,2.500000
16,463,2.500000
16,500,2.500000
16,540,2.500000
16,583,2.500000
16,630,2.500000
16,680,2.500000
16,735,2.500000
16,793,2.500000
16,857,2.500000
16,925,2.500000
16,999,2.500000
16,1079,2.500000
16,1165,2.500000
16,1258,2.500000
16,1358,2.500000
16,1467,2.500000
16,1584,2.500000
16,1710,2.500000
16,1847,2.500000
16,1994,2.500000
16,2153,2.500000
16,2325,2.500000
16,2511,2.500000
16,2711,2.500000
16,2928,2.500000
16,3161,2.500000
16,3414,2.500000
16,3686,2.500000
16,3980,2.500000
16,4298,2.500000
16,4641,2.500000
16,5011,2.500000
16,5411,2.500000
16,5842,2.500000
16,6309,2.500000
16,6812,2.500000
16,7355,2.500000
16,7942,2.500000
16,8576,2.500000
16,9260,2.500000
16,9999,2.500000
17,0,-0.427042
17,1,-0.392804
17,2,-0.362021
17,3,-0.333505
17,4,-0.306538
17,5,-0.280662
17,6,-0.255575
17,7,-0.231069
17,8,-0.207002
17,9,-0.183271
17,10,-0.159804
17,11,-0.136550
17,12,-0.113471
17,13,-0.090540
17,14,-0.067739
17,15,-0.045054
17,16,-0.022476
17,17,0.000000
17,19,0.044658
17,21,0.088928
17,22,0.110915
17,24,0.154583
17,26,0.197824
17,28,0.240615
17,31,0.303911
17,33,0.345482
17,36,0.406851
17,39,0.466987
17,42,0.525848
17,45,0.583402
17,49,0.658070
17,53,0.730349
17,57,0.800238
17,62,0.884266
17,67,0.964654
17,73,1.056453
17,78,1.129201
17,85,1.225587
17,92,1.315952
17,99,1.400695
17,107,1.491168
17,116,1.585504
17,125,1.672699
17,135,1.762077
17,146,1.852292
17,157,1.935045
17,170,2.024484
17,184,2.112093
17,199,2.197458
17,214,2.275387
17,232,2.360678
17,250,2.438470
17,270,2.500000
17,292,2.500000
17,315,2.500000
17,340,2.500000
17,368,2.500000
17,397,2.500000
17,429,2.500000
17,463,2.500000
17,500,2.500000
17,540,2.500000
17,583,2.500000
17,630,2.500000
17,680,2.500000
17,735,2.500000
17,793,2.500000
17,857,2.500000
17,925,2.500000
17,999,2.500000
17,1079,2.500000
17,1165,2.500000
17,1258,2.500000
17,1358,2.500000
17,1467,2.500000
17,1584,2.500000
17,1710,2.500000
17,1847,2.500000
17,1994,2.500000
17,2153,2.500000
17,2325,2.500000
17,2511,2.500000
17,2711,2.500000
17,2928,2.500000
17,3161,2.500000
17,3414,2.500000
17,3686,2.500000
17,3980,2.500000
17,4298,2.500000
17,4641,2.500000
17,5011,2.500000
17,5411,2.500000
17,5842,2.500000
17,6309,2.500000
17,6812,2.500000
17,7355,2.500000
17,7942,2.500000
17,8576,2.500000
17,9260,2.500000
17,9999,2.500000
19,0,-0.495900
19,1,-0.457033
19,2,-0.422568
19,3,-0.391066
19,4,-0.361648
19,5,-0.333743
19,6,-0.306968
19,7,-0.281057
19,8,-0.255819
19,9,-0.231117
19,10,-0.206849
19,11,-0.182941
19,12,-0.159335
19,13,-0.135989
19,14,-0.112871
19,15,-0.089954
19,16,-0.067222
19,17,-0.044658
19,19,0.000000
19,21,0.044077
19,22,0.065908
19,24,0.109162
19,26,0.151879
19,28,0.194057
19,31,0.256303
19,33,0.297108
19,36,0.357260
19,39,0.416121
19,42,0.473671
19,45,0.529898
19,49,0.602796
19,53,0.673327
19,57,0.741505
19,62,0.823468
19,67,0.901888
19,73,0.991464
19,78,1.062481
19,85,1.156629
19,92,1.244967
19,99,1.327885
19,107,1.416501
19,116,1.509016
19,125,1.594642
19,135,1.682535
19,146,1.771390
19,157,1.853021
19,170,1.941390
19,184,2.028097
19,199,2.112720
19,214,2.190087
19,232,2.274882
19,250,2.352320
19,270,2.431185
19,292,2.500000
19,315,2.500000
19,340,2.500000
19,368,2.500000
19,397,2.500000
19,429,2.500000
19,463,2.500000
19,500,2.500000
19,540,2.500000
19,583,2.500000
19,630,2.500000
19,680,2.500000
19,735,2.500000
19,793,2.500000
19,857,2.500000
19,925,2.500000
19,999,2.500000
19,1079,2.500000
19,1165,2.500000
19,1258,2.500000
19,1358,2.500000
19,1467,2.500000
19,1584,2.500000
19,1710,2.500000
19,1847,2.500000
19,1994,2.500000
19,2153,2.500000
19,2325,2.500000
19,2511,2.500000
19,2711,2.500000
19,2928,2.500000
19,3161,2.500000
19,3414,2.500000
19,3686,2.500000
19,3980,2.500000
19,4298,2.500000
19,4641,2.500000
19,5011,2.500000
19,5411,2.500000
19,5842,2.500000
19,6309,2.500000
19,6812,2.500000
19,7355,2.500000
19,7942,2.500000
19,8576,2.500000
19,9260,2.500000
19,9999,2.500000
21,0,-0.565413
21,1,-0.521963
21,2,-0.483825
21,3,-0.449323
21,4,-0.417421
21,5,-0.387440
21,6,-0.358920
21,7,-0.331537
21,8,-0.305055
21,9,-0.279303
21,10,-0.254152
21,11,-0.229503
21,12,-0.205282
21,13,-0.181429
21,14,-0.157900
21,15,-0.134658
21,16,-0.111675
21,17,-0.088928
21,19,-0.044077
21,21,0.000000
21,22,0.021770
21,24,0.064802
21,26,0.107183
21,28,0.148933
21,31,0.210400
21,33,0.250617
21,36,0.309806
21,39,0.367637
21,42,0.424113
21,45,0.479240
21,49,0.550653
21,53,0.619702
21,57,0.686422
21,62,0.766611
21,67,0.843330
21,73,0.930975
21,78,1.000481
21,85,1.092668
21,92,1.179225
21,99,1.260533
21,107,1.347506
21,116,1.438405
21,125,1.522635
21,135,1.609205
21,146,1.696843
21,157,1.777471
21,170,1.864880
21,184,1.950776
21,199,2.034732
21,214,2.111593
21,232,2.195940
21,250,2.273059
21,270,2.351675
21,292,2.430981
21,315,2.500000
21,340,2.500000
21,368,2.500000
21,397,2.500000
21,429,2.500000
21,463,2.500000
21,500,2.500000
21,540,2.500000
21,583,2.500000
21,630,2.500000
21,680,2.500000
21,735,2.500000
21,793,2.500000
21,857,2.500000
21,925,2.500000
21,999,2.500000
21,1079,2.500000
21,1165,2.500000
21,1258,2.500000
21,1358,2.500000
21,1467,2.500000
21,1584,2.500000
21,1710,2.500000
21,1847,2.500000
21,1994,2.500000
21,2153,2.500000
21,2325,2.500000
21,2511,2.500000
21,2711,2.500000
21,2928,2.500000
21,3161,2.500000
21,3414,2.500000
21,3686,2.500000
21,3980,2.500000
21,4298,2.500000
21,4641,2.500000
21,5011,2.500000
21,5411,2.500000
21,5842,2.500000
21,6309,2.500000
21,6812,2.500000
21,7355,2.500000
21,7942,2.500000
21,8576,2.500000
21,9260,2.500000
21,9999,2.500000
22,0,-0.600297
22,1,-0.554578
22,2,-0.514614
22,3,-0.478614
22,4,-0.445465
22,5,-0.414436
22,6,-0.385029
22,7,-0.356892
22,8,-0.329768
22,9,-0.303469
22,10,-0.277851
22,11,-0.252807
22,12,-0.228251
22,13,-0.204117
22,14,-0.180354
22,15,-0.156921
22,16,-0.133783
22,17,-0.110915
22,19,-0.065908
22,21,-0.021770
22,22,0.000000
22,24,0.042981
22,26,0.085254
22,28,0.126848
22,31,0.188013
22,33,0.227991
22,36,0.286781
22,39,0.344176
22,42,0.400192
22,45,0.454840
22,49,0.525604
22,53,0.593999
22,57,0.660071
22,62,0.739469
22,67,0.815424
22,73,0.902199
22,78,0.971022
22,85,1.062320
22,92,1.148065
22,99,1.228638
22,107,1.314861
22,116,1.405019
22,125,1.488609
22,135,1.574570
22,146,1.661648
22,157,1.741813
22,170,1.828779
22,184,1.914300
22,199,1.997947
22,214,2.074573
22,232,2.158712
22,250,2.235683
22,270,2.314183
22,292,2.393403
22,315,2.469560
22,340,2.500000
22,368,2.500000
22,397,2.500000
22,429,2.500000
22,463,2.500000
22,500,2.500000
22,540,2.500000
22,583,2.500000
22,630,2.500000
22,680,2.500000
22,735,2.500000
22,793,2.500000
22,857,2.500000
22,925,2.500000
22,999,2.500000
22,1079,2.500000
22,1165,2.500000
22,1258,2.500000
22,1358,2.500000
22,1467,2.500000
22,1584,2.500000
22,1710,2.500000
22,1847,2.500000
22,1994,2.500000
22,2153,2.500000
22,2325,2.500000
22,2511,2.500000
22,2711,2.500000
22,2928,2.500000
22,3161,2.500000
22,3414,2.500000
22,3686,2.500000
22,3980,2.500000
22,4298,2.500000
22,4641,2.500000
22,5011,2.500000
22,5411,2.500000
22,5842,2.500000
22,6309,2.500000
22,6812,2.500000
22,7355,2.500000
22,7942,2.500000
22,8576,2.500000
22,9260,2.500000
22,9999,2.500000
24,0,-0.670125
24,1,-0.619925
24,2,-0.576343
24,3,-0.537359
24,4,-0.501716
24,5,-0.468581
24,6,-0.437382
24,7,-0.407713
24,8,-0.379275
24,9,-0.351847
24,10,-0.325261
24,11,-0.299384
24,12,-0.274117
24,13,-0.249377
24,14,-0.225101
24,15,-0.201237
24,16,-0.177742
24,17,-0.154583
24,19,-0.109162
24,21,-0.064802
24,22,-0.042981
24,24,0.000000
24,26,0.042157
24,28,0.083541
24,31,0.144249
24,33,0.183846
24,36,0.241980
24,39,0.298640
24,42,0.353865
24,45,0.407686
24,49,0.477310
24,53,0.544550
24,57,0.609467
24,62,0.687447
24,67,0.762029
24,73,0.847230
24,78,0.914814
24,85,1.004493
24,92,1.088758
24,99,1.167987
24,107,1.252832
24,116,1.341628
24,125,1.424037
24,135,1.508876
24,146,1.594919
24,157,1.674226
24,170,1.760370
24,184,1.845196
24,199,1.928268
24,214,2.004458
24,232,2.088210
24,250,2.164904
24,270,2.243188
24,292,2.322249
24,315,2.398297
24,340,2.474542
24,368,2.500000
24,397,2.500000
24,429,2.500000
24,463,2.500000
24,500,2.500000
24,540,2.500000
24,583,2.500000
24,630,2.500000
24,680,2.500000
24,735,2.500000
24,793,2.500000
24,857,2.500000
24,925,2.500000
24,999,2.500000
24,1079,2.500000
24,1165,2.500000
24,1258,2.500000
24,1358,2.500000
24,1467,2.500000
24,1584,2.500000
24,1710,2.500000
24,1847,2.500000
24,1994,2.500000
24,2153,2.500000
24,2325,2.500000
24,2511,2.500000
24,2711,2.500000
24,2928,2.500000
24,3161,2.500000
24,3414,2.500000
24,3686,2.500000
24,3980,2.500000
24,4298,2.500000
24,4641,2.500000
24,5011,2.500000
24,5411,2.500000
24,5842,2.500000
24,6309,2.500000
24,6812,2.500000
24,7355,2.500000
24,7942,2.500000
24,8576,2.500000
24,9260,2.500000
24,9999,2.500000
26,0,-0.739817
26,1,-0.685222
26,2,-0.638074
26,3,-0.596138
26,4,-0.558013
26,5,-0.522771
26,6,-0.489769
26,7,-0.458547
26,8,-0.428769
26,9,-0.400179
26,10,-0.372586
26,11,-0.345836
26,12,-0.319812
26,13,-0.294419
26,14,-0.269580
26,15,-0.245234
26,16,-0.221329
26,17,-0.197824
26,19,-0.151879
26,21,-0.107183
26,22,-0.085254
26,24,-0.042157
26,26,0.000000
26,28,0.041289
26,31,0.101709
26,33,0.141037
26,36,0.198677
26,39,0.254761
26,42,0.309348
26,45,0.362488
26,49,0.431160
26,53,0.497422
26,57,0.561353
26,62,0.638110
26,67,0.711497
26,73,0.795322
26,78,0.861815
26,85,0.950064
26,92,1.033016
26,99,1.111048
26,107,1.194662
26,116,1.282239
26,125,1.363588
26,135,1.447417
26,146,1.532525
26,157,1.611058
26,170,1.696458
26,184,1.780651
26,199,1.863202
26,214,1.938995
26,232,2.022394
26,250,2.098835
26,270,2.176923
26,292,2.255837
26,315,2.331785
26,340,2.407962
26,368,2.486650
26,397,2.500000
26,429,2.500000
26,463,2.500000
26,500,2.500000
26,540,2.500000
26,583,2.500000
26,630,2.500000
26,680,2.500000
26,735,2.500000
26,793,2.500000
26,857,2.500000
26,925,2.500000
26,999,2.500000
26,1079,2.500000
26,1165,2.500000
26,1258,2.500000
26,1358,2.500000
26,1467,2.500000
26,1584,2.500000
26,1710,2.500000
26,1847,2.500000
26,1994,2.500000
26,2153,2.500000
26,2325,2.500000
26,2511,2.500000
26,2711,2.500000
26,2928,2.500000
26,3161,2.500000
26,3414,2.500000
26,3686,2.500000
26,3980,2.500000
26,4298,2.500000
26,4641,2.500000
26,5011,2.500000
26,5411,2.500000
26,5842,2.500000
26,6309,2.500000
26,6812,2.500000
26,7355,2.500000
26,7942,2.500000
26,8576,2.500000
26,9260,2.500000
26,9999,2.500000
28,0,-0.809158
28,1,-0.750262
28,2,-0.699612
28,3,-0.654763
28,4,-0.614181
28,5,-0.576842
28,6,-0.542037
28,7,-0.509255
28,8,-0.478120
28,9,-0.448349
28,10,-0.419722
28,11,-0.392070
28,12,-0.365257
28,13,-0.339174
28,14,-0.313735
28,15,-0.288866
28,16,-0.264509
28,17,-0.240615
28,19,-0.194057
28,21,-0.148933
28,22,-0.126848
28,24,-0.083541
28,26,-0.041289
28,28,0.000000
28,31,0.060275
28,33,0.099428
28,36,0.156712
28,39,0.212354
28,42,0.266433
28,45,0.319018
28,49,0.386899
28,53,0.452333
28,57,0.515422
28,62,0.591123
28,67,0.663471
28,73,0.746091
28,78,0.811624
28,85,0.898607
28,92,0.980391
28,99,1.057354
28,107,1.139867
28,116,1.226348
28,125,1.306743
28,135,1.389658
28,146,1.473921
28,157,1.551751
28,170,1.636476
28,184,1.720095
28,199,1.802170
28,214,1.877600
28,232,1.960676
28,250,2.036886
28,270,2.114793
28,292,2.193574
28,315,2.269430
28,340,2.345544
28,368,2.424190
28,397,2.499436
28,429,2.500000
28,463,2.500000
28,500,2.500000
28,540,2.500000
28,583,2.500000
28,630,2.500000
28,680,2.500000
28,735,2.500000
28,793,2.500000
28,857,2.500000
28,925,2.500000
28,999,2.500000
28,1079,2.500000
28,1165,2.500000
28,1258,2.500000
28,1358,2.500000
28,1467,2.500000
28,1584,2.500000
28,1710,2.500000
28,1847,2.500000
28,1994,2.500000
28,2153,2.500000
28,2325,2.500000
28,2511,2.500000
28,2711,2.500000
28,2928,2.500000
28,3161,2.500000
28,3414,2.500000
28,3686,2.500000
28,3980,2.500000
28,4298,2.500000
28,4641,2.500000
28,5011,2.500000
28,5411,2.500000
28,5842,2.500000
28,6309,2.500000
28,6812,2.500000
28,7355,2.500000
28,7942,2.500000
28,8576,2.500000
28,9260,2.500000
28,9999,2.500000
31,0,-0.912135
31,1,-0.846978
31,2,-0.791209
31,3,-0.742086
31,4,-0.697881
31,5,-0.657436
31,6,-0.619946
31,7,-0.584828
31,8,-0.551651
31,9,-0.520088
31,10,-0.489885
31,11,-0.460843
31,12,-0.432805
31,13,-0.405642
31,14,-0.379249
31,15,-0.353542
31,16,-0.328449
31,17,-0.303911
31,19,-0.256303
31,21,-0.210400
31,22,-0.188013
31,24,-0.144249
31,26,-0.101709
31,28,-0.060275
31,31,0.000000
31,33,0.039035
31,36,0.095999
31,39,0.151186
31,42,0.204708
31,45,0.256656
31,49,0.323603
31,53,0.388038
31,57,0.450089
31,62,0.524474
31,67,0.595512
31,73,0.676595
31,78,0.740896
31,85,0.826244
31,92,0.906510
31,99,0.982077
31,107,1.063145
31,116,1.148184
31,125,1.227317
31,135,1.309023
31,146,1.392163
31,157,1.469057
31,170,1.552879
31,184,1.635728
31,199,1.717165
31,214,1.792108
31,232,1.874750
31,250,1.950648
31,270,2.028312
31,292,2.106911
31,315,2.182644
31,340,2.258671
31,368,2.337259
31,397,2.412471
31,429,2.489274
31,463,2.500000
31,500,2.500000
31,540,2.500000
31,583,2.500000
31,630,2.500000
31,680,2.500000
31,735,2.500000
31,793,2.500000
31,857,2.500000
31,925,2.500000
31,999,2.500000
31,1079,2.500000
31,1165,2.500000
31,1258,2.500000
31,1358,2.500000
31,1467,2.500000
31,1584,2.500000
31,1710,2.500000
31,1847,2.500000
31,1994,2.500000
31,2153,2.500000
31,2325,2.500000
31,2511,2.500000
31,2711,2.500000
31,2928,2.500000
31,3161,2.500000
31,3414,2.500000
31,3686,2.500000
31,3980,2.500000
31,4298,2.500000
31,4641,2.500000
31,5011,2.500000
31,5411,2.500000
31,5842,2.500000
31,6309,2.500000
31,6812,2.500000
31,7355,2.500000
31,7942,2.500000
31,8576,2.500000
31,9260,2.500000
31,9999,2.500000
33,0,-0.979897
33,1,-0.910700
33,2,-0.851615
33,3,-0.799714
33,4,-0.753145
33,5,-0.710666
33,6,-0.671409
33,7,-0.634747
33,8,-0.600214
33,9,-0.567453
33,10,-0.536192
33,11,-0.506211
33,12,-0.477339
33,13,-0.449435
33,14,-0.422385
33,15,-0.396093
33,16,-0.370480
33,17,-0.345482
33,19,-0.297108
33,21,-0.250617
33,22,-0.227991
33,24,-0.183846
33,26,-0.141037
33,28,-0.099428
33,31,-0.039035
33,33,0.000000
33,36,0.056869
33,39,0.111869
33,42,0.165133
33,45,0.216768
33,49,0.283234
33,53,0.347138
33,57,0.408626
33,62,0.482285
33,67,0.552590
33,73,0.632805
33,78,0.696403
33,85,0.780812
33,92,0.860201
33,99,0.934958
33,107,1.015182
33,116,1.099376
33,125,1.177767
33,135,1.258760
33,146,1.341234
33,157,1.417572
33,170,1.500857
33,184,1.583248
33,199,1.664304
33,214,1.738954
33,232,1.821337
33,250,1.897048
33,270,1.974565
33,292,2.053055
33,315,2.128713
33,340,2.204688
33,368,2.283241
33,397,2.358432
33,429,2.435222
33,463,2.500000
33,500,2.500000
33,540,2.500000
33,583,2.500000
33,630,2.500000
33,680,2.500000
33,735,2.500000
33,793,2.500000
33,857,2.500000
33,925,2.500000
33,999,2.500000
33,1079,2.500000
33,1165,2.500000
33,1258,2.500000
33,1358,2.500000
